0,89,70,71,38,73
89,0,14,34,29,26
70,14,0,85,57,22
71,34,85,0,47,31
38,29,57,47,0,97
73,26,22,31,97,0
